[1] FALSE
[1]  91.4 118.0  90.8 101.0
[1] FALSE
[1]  91.4 118.0  90.8 101.0
[1] TRUE
[1] TRUE
[1] TRUE
[1] TRUE
[1] TRUE
[1] TRUE
[1] FALSE
[1]  91.4 118.0  90.8 101.0
[1] FALSE
[1]  91.4 118.0  90.8 101.0
[1] FALSE
[1]  91.4 118.0  90.8 101.0
[1] FALSE
[1]  91.4 118.0  90.8 101.0
[1] FALSE
[1]  91.4 118.0  90.8 101.0
[1] FALSE
[1]  91.4 118.0  90.8 101.0
[1] FALSE
[1]  91.4 118.0  90.8 101.0
[1] "Diff"
[1] FALSE
[1]  91.4 118.0  90.8 101.0
    n min  max mean median var   sd
1 200 -53 40.2   -2  -1.72 303 17.4
[1] FALSE
[1]  91.4 118.0  90.8 101.0
[1] FALSE
[1]  91.4 118.0  90.8 101.0
[1] FALSE
[1]  91.4 118.0  90.8 101.0
[1] FALSE
[1]  91.4 118.0  90.8 101.0
[1] FALSE
[1]  91.4 118.0  90.8 101.0
[1] FALSE
[1]  91.4 118.0  90.8 101.0
[1] FALSE
[1]  91.4 118.0  90.8 101.0
[1] FALSE
[1]  91.4 118.0  90.8 101.0
[1] FALSE
[1]  91.4 118.0  90.8 101.0
[1] "Age"
[1] FALSE
[1]  91.4 118.0  90.8 101.0
    n min max mean median   var  sd
1 200 216 811  377    307 22536 150
[1] FALSE
[1]  91.4 118.0  90.8 101.0
